$ANSIBLE_VAULT;1.1;AES256
30656163623931663666636135646162313161643033653137663463393634653833303634626137
3436623464663262643335323733363864653264346237610a323064303139363232303564353239
36356632356531633233356263666361626462613039393332663236303066366531353735303766
3065333034326136620a303534343135353830346438353065646663643332363739386164336235
61343639306435313466393133613736653338666237396237626536623430383539653961313136
65353562636338333061393933616538376531653463663535333130323761303033363334303532
37343739386330356661306636666639353534353639303735356437623831346137666433396333
33613063333164636532306634396239316137306363323235633762633537663430663364343231
33663631633837626133346133336462663838333634656530613230386662353437386230343430
61303631373136633063396631303264373336343439633664633264666162336438366432393031
61616664613264663938636633333964636237366162336435316466346430386465616131393965
33316136653063623736353539393462663333306131363738383762303934623834616239633265
31313966666161353830346636326366616532323530323534396438383430396665666462313238
39386238626535313733373036393635623664313535643162646331326533656537356332643534
61363864666236646465353833303638646333643461383233633165333264653962313431396130
66373730373037653537323261336162643130613366633532363736393862646539366333623662
34393230653637666337623335373736376335376463643335623462626631303661323138313138
30353730336336623539386461376334663064336131336132393530366130346539363139626436
30343533383530336634356465336639363635336538316362313763316132646232333365353666
38616436386464383065306665346266363631663735666362656463386139613438643531636261
63613061346634303536353931343731613262346666613539396562656337396331376135393863
37623639336363393763343437663037333765646334653463643665656166653730643138366665
39626265353933656333643965663130373566306661333237393761343836343339343634663636
39613966386233393661333038323666623963323634646632366264336161393139346665363563
62393935653737326132353132353639646164383230643735333861313963346633633166613939
64326632616262616333643163613935643930653363316561623939363566663336326234643339
65373434303836616564373861363365626364303035323463393962386366376361326137336630
32653936643866653335
